# DIFF 50 SURFACES:
surface_a = np.array([[1, -1, 1, 0, 1, 1, -1, -1, 1, -1], [-1, 0, -1, 0, 1, 1, 0, 1, -1, -1], [1, 1, -1, 1, 0, -1, 0, 0, 1, 0], [1, 0, -1, -1, -1, 1, 0, -1, 1, -1], [1, 0, -1, -1, -1, 0, 1, 1, -1, 1], [1, -1, 0, -1, -1, 1, 1, 1, 1, 1], [0, 1, 1, 0, 1, -1, -1, -1, -1, -1], [-1, 0, -1, 1, 1, 1, 0, -1, -1, 1], [-1, 1, -1, 1, -1, -1, 0, 1, -1, 0], [0, 1, 0, -1, -1, -1, 1, -1, -1, -1]]

)
surface_b = np.array([[-1, 1, -1, -1, 0, -1, 1, 1, 0, 1], [1, -1, 1, 1, -1, -1, 1, -1, 1, 1], [-1, 0, 0, -1, -1, 1, 0, -1, -1, 1], [-1, 1, 1, 1, 1, -1, 1, 1, 0, 1], [-1, 0, 1, 1, 1, 0, -1, -1, 0, -1], [-1, 0, 1, 1, 1, -1, -1, -1, -1, -1], [-1, -1, -1, 0, -1, 1, 1, 1, 1, 1], [1, 1, 1, 0, -1, -1, 1, 1, 1, -1], [1, -1, 1, 0, 0, 1, -1, -1, 1, 1], [-1, -1, 1, 1, 0, 1, -1, 0, 1, 1]]

)



# RATIO BEST:
surface_a = np.array([[0, -1, -1, -1, 1, 1, -1, -1, 1, -1], [-1, 1, -1, 1, -1, 1, -1, -1, -1, 1], [-1, 0, 0, -1, 0, -1, -1, 0, 0, 0], [-1, 0, 0, -1, -1, -1, -1, -1, 1, -1], [-1, 1, -1, 1, 0, 0, -1, -1, 1, 1], [0, -1, 1, 1, -1, 0, 1, 0, 1, -1], [-1, -1, -1, 1, 1, 0, 0, 1, 1, -1], [1, -1, -1, 0, -1, 1, 1, -1, 1, 1], [-1, 1, 0, -1, 1, 1, -1, 1, -1, 1], [0, 1, 1, 1, 1, -1, -1, 1, 1, -1]]
)
surface_b = np.array([[0, 1, 1, 1, 0, -1, 0, 1, -1, 1], [1, -1, 0, -1, -1, -1, 1, 1, -1, -1], [1, 0, 0, 1, 1, 0, 1, 0, 1, 0], [1, -1, 0, 1, 0, 1, 1, 0, -1, 1], [1, 0, 1, -1, 0, 0, 0, 0, -1, -1], [-1, 1, -1, -1, 1, 1, 0, 1, -1, 1], [0, 0, 1, -1, -1, -1, 0, 0, 0, 1], [-1, 1, 1, 1, 1, -1, -1, 1, -1, -1], [0, -1, -1, 1, -1, 0, 1, -1, 1, -1], [1, -1, -1, 0, -1, -1, 1, 0, -1, 1]]
)